##top and bottom plate
#rec 1 -525 -525 1104.5 525 525 1079.5
#cyl 0 0 310 1104.5 0 -310 1104.5 0 -310 1079.5
#rec 1 -525 -525 47 525 525 0

#4 pillar
rec 1 445 -445 1079.5 525 -525 47
rec 1 -445 -445 1079.5 -525 -525 47
rec 1 445 445 1079.5 525 525 47
rec 1 -445 445 1079.5 -525 525 47
rec 0 448 -448 1079.5 522 -522 47
rec 0 -448 -448 1079.5 -522 -522 47
rec 0 448 448 1079.5 522 522 47
rec 0 -448 448 1079.5 -522 522 47
trd1 3 45.9206 258.0526 516.23 106.065 405 405 563.25 90 0 -45
trd1 3 45.9206 258.0526 516.23 106.065 -405 405 563.25 90 0 45
trd1 3 45.9206 258.0526 516.23 106.065 405 -405 563.25 90 0 -135
trd1 3 45.9206 258.0526 516.23 106.065 -405 -405 563.25 90 0 135

#plate in the pillar
rec 2 448 448 1002.92 522 522 999.92
rec 2 448 -448 1002.92 522 -522 999.92
rec 2 -448 448 1002.92 -522 522 999.92
rec 2 -448 -448 1002.92 -522 -522 999.92
rec 2 448 448 929.846 522 522 926.846
rec 2 448 -448 929.846 522 -522 926.846
rec 2 -448 448 929.846 -522 522 926.846
rec 2 -448 -448 929.846 -522 -522 926.846
rec 2 448 448 856.796 522 522 853.796
rec 2 448 -448 856.796 522 -522 853.796
rec 2 -448 448 856.796 -522 522 853.796
rec 2 -448 -448 856.796 -522 -522 853.796
rec 2 448 448 783.692 522 522 780.692
rec 2 448 -448 783.692 522 -522 780.692
rec 2 -448 448 783.692 -522 522 780.692
rec 2 -448 -448 783.692 -522 -522 780.692
rec 2 448 448 710.615 522 522 707.615
rec 2 448 -448 710.615 522 -522 707.615
rec 2 -448 448 710.615 -522 522 707.615
rec 2 -448 -448 710.615 -522 -522 707.615
rec 2 448 448 564.462 522 522 561.462
rec 2 448 -448 564.462 522 -522 561.462
rec 2 -448 448 564.462 -522 522 561.462
rec 2 -448 -448 564.462 -522 -522 561.462
rec 2 448 448 491.385 522 522 488.385
rec 2 448 -448 491.385 522 -522 488.385
rec 2 -448 448 491.385 -522 522 488.385
rec 2 -448 -448 491.385 -522 -522 488.385
rec 2 448 448 345.231 522 522 342.231
rec 2 448 -448 345.231 522 -522 342.231
rec 2 -448 448 345.231 -522 522 342.231
rec 2 -448 -448 345.231 -522 -522 342.231
rec 2 448 448 272.154 522 522 269.154
rec 2 448 -448 272.154 522 -522 269.154
rec 2 -448 448 272.154 -522 522 269.154
rec 2 -448 -448 272.154 -522 -522 269.154
rec 2 448 448 199.077 522 522 196.077
rec 2 448 -448 199.077 522 -522 196.077
rec 2 -448 448 199.077 -522 522 196.077
rec 2 -448 -448 199.077 -522 -522 196.077
rec 2 448 448 126 522 522 123
rec 2 448 -448 126 522 -522 123
rec 2 -448 448 126 -522 522 123
rec 2 -448 -448 126 -522 -522 123

#block in inner pillar

rec 2 448 -448 411.616 522 -522 473.616
rec 2 448 -448 583.329 522 -522 645.329

rec 2 -448 -448 411.616 -522 -522 473.616
rec 2 -448 -448 583.329 -522 -522 645.329