#telescope tube
cyl 1 256 0 1444.91 -256 0 1444.91 -256 0 573.474
cyl 0 248 0 1444.91 -248 0 1444.91 -248 0 573.474

#the ring on the top and bottom of telescope
cyl 1 292.8516 0 1444.91 -292.8516 0 1444.91 -292.8516 0 1344.91
cyl 1 292.8516 0 673.474 -292.8516 0 673.474 -292.8516 0 573.474

#the plate under tube
rec 1 436 -357.5 573.474 -436 -142.659 483.474
trd1 1 357.5 436 45 39.25 0 -396.75 528.474 -90 0 0
trd1 1 169.3016 436 45 277.6045 0 134.9455 528.474 90 0 0
cyl 0 0 -100 573.474 0 100 573.474 0 100 483.474

#block under the plate
rec 1 -75 180 482.913 -285 -180 382.913
rec 1 -75 180 212.913 -167 -180 382.913
rec 1 285 120 382.913 -75 -120 482.913
rec 1 -75 -120 382.913 165 120 242.913
rec 1 76.3295 180 242.913 -74.6167 120 272.913
rec 1 76.3295 -180 242.913 -74.6167 -120 272.913