#left
rec 1 34 3 0 9.681981 -3 -4
ptri 1 9.681981 3 0 8.171573 3 0 9.681981 3 -4.146447 9.681981 -3 -4.146447
ptri2 1 7.91421381 0 -3.08578696 1.8639615814264618 6 4.000000284154885 0 135 0
ztrec 1 9.681981 3 -4.146447 0.3535534 -3 -7.818019 0 -45 0
cyl 0 32.5 0 0 29.5 0 0 29.5 0 -4
cyl 0 2.828427 0 -5.343146 0.7071068 0 -7.464466 3.535534 0 -10.29289

rec 1 -34 3 0 -9.681981 -3 -4
ptri 1 -9.681981 3 0 -8.171573 3 0 -9.681981 3 -4.146447 -9.681981 -3 -4.146447
ptri2 1 -7.91421381 0 -3.08578696 1.8639615814264618 6 4.000000284154885 0 135 180
ztrec 1 -9.681981 3 -4.146447 -0.3535534 -3 -7.818019 0 -45 180
cyl 0 -32.5 0 0 -29.5 0 0 -29.5 0 -4
cyl 0 -2.828427 0 -5.343146 -0.7071068 0 -7.464466 -3.535534 0 -10.29289