rec 1 34 0.675 27.5 -34 -0.675 -27.5

rec 1 18 2.675 24.5 8 0.675 19.5
rec 0 16 1.675 24.5 10 0.675 21.5
rec 1 18 2.675 -19.5 8 0.675 -24.5
rec 0 16 1.675 -21.5 10 0.675 -24.5
cyl 0 25 0.675 26 25 0.675 23 25 -0.675 23
cyl 0 25 0.675 -26 25 0.675 -23 25 -0.675 -23

rec 1 -18 2.675 24.5 -8 0.675 19.5
rec 0 -16 1.675 24.5 -10 0.675 21.5
rec 1 -18 2.675 -19.5 -8 0.675 -24.5
rec 0 -16 1.675 -21.5 -10 0.675 -24.5
cyl 0 -25 0.675 26 -25 0.675 23 -25 -0.675 23
cyl 0 -25 0.675 -26 -25 0.675 -23 -25 -0.675 -23

