#left hand side
rec 1 6 -38 57 0 -28 51
rec 1 6 -28 51 3 -34 7
rec 1 -2.204364 -38 1 6 -28 7
rec 1 21 -47 3 6 -32 0
rec 1 9.83021 -34 32.99821 6 -28 26.75557
rec 1 14.07285 -34 26.75557 9.83021 -28 28.75557
ptri 1 9.83021 -34 28.75557 14.07285 -34 28.75557 9.83021 -34 32.99821 9.83021 -28 32.99821

#right hand side
rec 1 6 28 57 0 38 51
rec 1 6 34 51 3 28 7
rec 1 -2.204364 28 1 6 38 7
rec 1 21 32 3 6 47 0
rec 1 9.83021 28 32.99821 6 34 26.75557
rec 1 14.07285 28 26.75557 9.83021 34 28.75557
ptri 1 9.83021 28 28.75557 14.07285 28 28.75557 9.83021 28 32.99821 9.83021 34 32.99821


#middle bar
rec 1 6 -28 30 3 28 26
rec 1 6 -28 8 3 28 1

